%Task 2
% J= m*r*r/2 and m= 8 + 1 bcoz roll is 190100088

J=7*0.7*0.7/2